5
5
360 83 17 846 62
968 522 804 260 94
55 330 105 844 645
9 1 608 4 496
24 388 191 5 81
7
841 12 675 9 3 581 1000
353 410 64 97 572 91 763
486 122 772 345 125 73 31
92 788 585 180 70 427 824
658 24 618 472 738 10 212
17 596 84 591 49 279 843
440 630 250 30 474 874 76
9
659 223 245 173 591 58 85 403 83
489 853 613 98 8 213 6 35 586
959 185 801 83 75 820 84 154 555
876 611 736 162 666 264 584 594 520
75 10 83 248 246 964 155 233 749
6 411 701 872 994 77 567 66 91
699 966 30 827 261 918 293 396 712
417 83 359 706 347 242 554 28 190
997 625 48 11 315 60 338 227 926
11
526 299 158 674 940 816 409 64 68 957 950
307 588 260 80 907 97 762 98 625 132 43
482 297 427 964 386 936 209 567 819 874 113
25 329 418 145 355 11 669 866 3 223 631
45 901 614 139 738 487 144 895 513 25 492
474 499 835 712 36 347 312 801 421 359 689
602 17 972 363 11 574 690 712 77 423 82
849 149 722 752 630 664 46 464 90 380 519
968 342 27 843 801 29 38 135 67 744 619
512 513 402 212 560 31 686 78 475 601 409
962 947 801 785 595 177 53 513 685 7 923
13
833 170 391 929 434 677 45 83 801 655 277 694 845
418 399 478 339 519 133 807 440 268 882 60 227 225
947 131 705 519 283 88 905 588 504 73 450 793 60
10 685 340 290 612 714 454 495 524 556 672 12 48
486 13 576 318 944 999 722 142 558 455 239 257 990
404 65 939 249 940 16 85 155 890 812 29 141 61
252 435 854 555 981 66 51 441 254 215 825 698 824
110 18 654 411 83 83 672 91 812 387 242 480 784
917 135 794 653 738 674 55 70 666 487 630 950 53
983 880 292 431 186 62 43 21 626 13 624 626 80
830 253 548 468 436 90 222 49 232 21 26 128 542
913 28 799 925 949 429 487 823 949 156 683 263 643
702 638 968 777 107 860 289 100 828 811 343 602 834